image_width: 1280
image_height: 720
camera_name: "zed2_left_camera"
camera_matrix:
  rows: 3
  cols: 3
  data: [529.965041, 0.0, 639.525559, 0.0, 529.940781, 360.667213, 0.0, 0.0, 1.0]
distortion_coefficients:
  rows: 1
  cols: 5
  data: [-0.001328, 0.000465, -0.000267, 0.000200, 0.0]
rectification_matrix:
  rows: 3
  cols: 3
  data: [1.0, 0.0, 0.0, 0.0, 1.0, 0.0, 0.0, 0.0, 1.0]
projection_matrix:
  rows: 3
  cols: 4
  data: [529.301147, 0.0, 639.537979, 0.0, 0.0, 529.129761, 359.839811, 0.0, 0.0, 0.0, 1.0, 0.0]


